201416.24 545281.06 19.01
201416.24 545191.06 17.99
201416.24 545101.06 17.05
201416.24 545011.06 16.0
201416.24 544921.06 16.22
201416.24 544831.06 17.25
201416.24 544741.06 16.81
201416.24 544651.06 19.57
201416.24 544561.06 24.86
201416.24 544471.06 31.4
201416.24 544381.06 36.6
201416.24 544291.06 40.23
201416.24 544201.06 34.74
201416.24 544111.06 27.26
201416.24 544021.06 20.37
201416.24 543931.06 16.93
201416.24 543841.06 15.62
201416.24 543751.06 15.54
201416.24 543661.06 16.26
201416.24 543571.06 17.65
201416.24 543481.06 21.57
201416.24 543391.06 23.43
201506.24 545281.06 19.38
201506.24 545191.06 18.86
201506.24 545101.06 17.76
201506.24 545011.06 16.75
201506.24 544921.06 15.38
201506.24 544831.06 16.56
201506.24 544741.06 17.44
201506.24 544651.06 17.17
201506.24 544561.06 22.28
201506.24 544471.06 28.2
201506.24 544381.06 34.1
201506.24 544291.06 39.84
201506.24 544201.06 31.09
201506.24 544111.06 22.37
201506.24 544021.06 18.61
201506.24 543931.06 15.96
201506.24 543841.06 14.54
201506.24 543751.06 14.85
201506.24 543661.06 16.21
201506.24 543571.06 18.62
201506.24 543481.06 22.08
201506.24 543391.06 24.05
201596.24 545281.06 26.18
201596.24 545191.06 24.61
201596.24 545101.06 20.19
201596.24 545011.06 16.5
201596.24 544921.06 13.28
201596.24 544831.06 13.85
201596.24 544741.06 16.26
201596.24 544651.06 16.47
201596.24 544561.06 18.22
201596.24 544471.06 26.46
201596.24 544381.06 36.03
201596.24 544291.06 40.2
201596.24 544201.06 23.62
201596.24 544111.06 19.0
201596.24 544021.06 15.71
201596.24 543931.06 14.27
201596.24 543841.06 14.18
201596.24 543751.06 18.0
201596.24 543661.06 25.07
201596.24 543571.06 28.47
201596.24 543481.06 26.63
201596.24 543391.06 26.89
201686.24 545281.06 25.17
201686.24 545191.06 21.0
201686.24 545101.06 16.56
201686.24 545011.06 13.78
201686.24 544921.06 12.26
201686.24 544831.06 12.75
201686.24 544741.06 14.36
201686.24 544651.06 14.91
201686.24 544561.06 15.36
201686.24 544471.06 19.44
201686.24 544381.06 24.03
201686.24 544291.06 29.55
201686.24 544201.06 16.01
201686.24 544111.06 15.3
201686.24 544021.06 13.7
201686.24 543931.06 13.2
201686.24 543841.06 15.53
201686.24 543751.06 24.38
201686.24 543661.06 30.91
201686.24 543571.06 33.25
201686.24 543481.06 27.17
201686.24 543391.06 26.04
201776.24 545281.06 18.38
201776.24 545191.06 15.19
201776.24 545101.06 13.24
201776.24 545011.06 11.91
201776.24 544921.06 12.04
201776.24 544831.06 12.5
201776.24 544741.06 13.13
201776.24 544651.06 13.51
201776.24 544561.06 13.76
201776.24 544471.06 14.21
201776.24 544381.06 15.56
201776.24 544291.06 19.74
201776.24 544201.06 16.86
201776.24 544111.06 14.14
201776.24 544021.06 13.16
201776.24 543931.06 13.98
201776.24 543841.06 18.11
201776.24 543751.06 24.27
201776.24 543661.06 27.5
201776.24 543571.06 30.65
201776.24 543481.06 24.01
201776.24 543391.06 23.19
201866.24 545281.06 14.81
201866.24 545191.06 13.54
201866.24 545101.06 13.03
201866.24 545011.06 12.62
201866.24 544921.06 12.98
201866.24 544831.06 12.79
201866.24 544741.06 12.56
201866.24 544651.06 12.83
201866.24 544561.06 13.02
201866.24 544471.06 12.89
201866.24 544381.06 14.12
201866.24 544291.06 15.76
201866.24 544201.06 15.23
201866.24 544111.06 13.04
201866.24 544021.06 13.93
201866.24 543931.06 16.74
201866.24 543841.06 19.28
201866.24 543751.06 22.3
201866.24 543661.06 25.98
201866.24 543571.06 28.74
201866.24 543481.06 21.93
201866.24 543391.06 21.86
201956.24 545281.06 14.71
201956.24 545191.06 14.42
201956.24 545101.06 14.52
201956.24 545011.06 15.37
201956.24 544921.06 15.58
201956.24 544831.06 14.3
201956.24 544741.06 13.19
201956.24 544651.06 12.82
201956.24 544561.06 12.67
201956.24 544471.06 12.51
201956.24 544381.06 13.52
201956.24 544291.06 14.71
201956.24 544201.06 12.86
201956.24 544111.06 12.46
201956.24 544021.06 13.75
201956.24 543931.06 15.73
201956.24 543841.06 17.52
201956.24 543751.06 19.89
201956.24 543661.06 22.23
201956.24 543571.06 24.09
201956.24 543481.06 20.71
201956.24 543391.06 22.93
202046.24 545281.06 14.88
202046.24 545191.06 15.96
202046.24 545101.06 16.83
202046.24 545011.06 18.54
202046.24 544921.06 18.7
202046.24 544831.06 16.22
202046.24 544741.06 14.28
202046.24 544651.06 13.72
202046.24 544561.06 13.26
202046.24 544471.06 13.08
202046.24 544381.06 13.47
202046.24 544291.06 14.33
202046.24 544201.06 12.5
202046.24 544111.06 13.2
202046.24 544021.06 14.22
202046.24 543931.06 14.75
202046.24 543841.06 15.76
202046.24 543751.06 17.48
202046.24 543661.06 18.22
202046.24 543571.06 19.21
202046.24 543481.06 20.84
202046.24 543391.06 23.99
202136.24 545281.06 15.09
202136.24 545191.06 17.11
202136.24 545101.06 18.51
202136.24 545011.06 20.15
202136.24 544921.06 19.88
202136.24 544831.06 17.5
202136.24 544741.06 15.25
202136.24 544651.06 14.72
202136.24 544561.06 14.23
202136.24 544471.06 13.95
202136.24 544381.06 14.3
202136.24 544291.06 14.06
202136.24 544201.06 12.3
202136.24 544111.06 12.86
202136.24 544021.06 14.14
202136.24 543931.06 14.77
202136.24 543841.06 15.3
202136.24 543751.06 16.5
202136.24 543661.06 17.0
202136.24 543571.06 17.18
202136.24 543481.06 18.68
202136.24 543391.06 20.22
202226.24 545281.06 16.42
202226.24 545191.06 19.46
202226.24 545101.06 22.43
202226.24 545011.06 23.43
202226.24 544921.06 20.26
202226.24 544831.06 17.81
202226.24 544741.06 16.33
202226.24 544651.06 15.95
202226.24 544561.06 15.3
202226.24 544471.06 15.21
202226.24 544381.06 15.25
202226.24 544291.06 13.95
202226.24 544201.06 12.86
202226.24 544111.06 13.36
202226.24 544021.06 14.29
202226.24 543931.06 14.81
202226.24 543841.06 15.47
202226.24 543751.06 16.3
202226.24 543661.06 16.86
202226.24 543571.06 16.54
202226.24 543481.06 17.1
202226.24 543391.06 17.91
202316.24 545281.06 19.01
202316.24 545191.06 25.38
202316.24 545101.06 32.04
202316.24 545011.06 35.89
202316.24 544921.06 26.75
202316.24 544831.06 24.12
202316.24 544741.06 27.28
202316.24 544651.06 25.66
202316.24 544561.06 21.26
202316.24 544471.06 18.17
202316.24 544381.06 16.76
202316.24 544291.06 16.22
202316.24 544201.06 15.1
202316.24 544111.06 14.97
202316.24 544021.06 15.54
202316.24 543931.06 15.6
202316.24 543841.06 15.97
202316.24 543751.06 16.43
202316.24 543661.06 16.36
202316.24 543571.06 16.18
202316.24 543481.06 17.01
202316.24 543391.06 17.72
202406.24 545281.06 20.36
202406.24 545191.06 32.56
202406.24 545101.06 40.09
202406.24 545011.06 46.65
202406.24 544921.06 34.96
202406.24 544831.06 34.88
202406.24 544741.06 39.52
202406.24 544651.06 34.98
202406.24 544561.06 27.12
202406.24 544471.06 23.21
202406.24 544381.06 20.32
202406.24 544291.06 18.63
202406.24 544201.06 16.85
202406.24 544111.06 16.51
202406.24 544021.06 16.31
202406.24 543931.06 15.81
202406.24 543841.06 16.03
202406.24 543751.06 16.57
202406.24 543661.06 16.58
202406.24 543571.06 16.72
202406.24 543481.06 17.31
202406.24 543391.06 17.81
202496.24 545281.06 20.77
202496.24 545191.06 34.35
202496.24 545101.06 43.05
202496.24 545011.06 50.44
202496.24 544921.06 42.75
202496.24 544831.06 46.69
202496.24 544741.06 46.51
202496.24 544651.06 39.37
202496.24 544561.06 32.38
202496.24 544471.06 28.9
202496.24 544381.06 24.27
202496.24 544291.06 21.35
202496.24 544201.06 20.77
202496.24 544111.06 19.17
202496.24 544021.06 17.59
202496.24 543931.06 16.67
202496.24 543841.06 16.52
202496.24 543751.06 16.59
202496.24 543661.06 17.03
202496.24 543571.06 17.44
202496.24 543481.06 17.46
202496.24 543391.06 17.66
202586.24 545281.06 25.61
202586.24 545191.06 39.03
202586.24 545101.06 48.91
202586.24 545011.06 55.16
202586.24 544921.06 53.87
202586.24 544831.06 58.52
202586.24 544741.06 58.99
202586.24 544651.06 48.45
202586.24 544561.06 42.63
202586.24 544471.06 34.44
202586.24 544381.06 27.82
202586.24 544291.06 24.49
202586.24 544201.06 25.33
202586.24 544111.06 23.35
202586.24 544021.06 20.24
202586.24 543931.06 17.91
202586.24 543841.06 16.99
202586.24 543751.06 16.87
202586.24 543661.06 17.44
202586.24 543571.06 18.11
202586.24 543481.06 17.97
202586.24 543391.06 18.01
202676.24 545191.06 47.09
202676.24 545101.06 55.76
202676.24 545011.06 61.91
202676.24 544921.06 60.73
202676.24 544831.06 59.49
202676.24 544741.06 61.26
202676.24 544651.06 52.1
202676.24 544561.06 47.65
202676.24 544471.06 37.96
202676.24 544381.06 29.86
202676.24 544291.06 26.77
202676.24 544201.06 26.23
202676.24 544111.06 24.84
202676.24 544021.06 20.88
202676.24 543931.06 18.22
202676.24 543841.06 17.32
202676.24 543751.06 17.21
202676.24 543661.06 17.65
202676.24 543571.06 18.23
202676.24 543481.06 18.82
202676.24 543391.06 18.96
202766.24 545101.06 56.96
202766.24 545011.06 62.83
202766.24 544921.06 59.15
202766.24 544831.06 53.15
202766.24 544741.06 50.03
202766.24 544651.06 46.31
202766.24 544561.06 43.36
202766.24 544471.06 36.27
202766.24 544381.06 29.99
202766.24 544291.06 26.89
202766.24 544201.06 23.37
202766.24 544111.06 22.27
202766.24 544021.06 19.71
202766.24 543931.06 18.13
202766.24 543841.06 17.64
202766.24 543751.06 17.51
202766.24 543661.06 17.78
202766.24 543571.06 18.81
202766.24 543481.06 19.86
202766.24 543391.06 19.87
202856.24 544921.06 54.46
202856.24 544831.06 46.76
202856.24 544741.06 39.92
202856.24 544651.06 37.98
202856.24 544561.06 36.55
202856.24 544471.06 32.06
202856.24 544381.06 28.44
202856.24 544291.06 25.63
202856.24 544201.06 21.38
202856.24 544111.06 20.02
202856.24 544021.06 18.9
202856.24 543931.06 17.92
202856.24 543841.06 17.45
202856.24 543751.06 17.79
202856.24 543661.06 18.5
202856.24 543571.06 20.27
202856.24 543481.06 21.87
202856.24 543391.06 21.86
202946.24 544741.06 35.76
202946.24 544651.06 33.17
202946.24 544561.06 32.41
202946.24 544471.06 30.19
202946.24 544381.06 27.57
202946.24 544291.06 24.9
202946.24 544201.06 22.09
202946.24 544111.06 22.08
202946.24 544021.06 21.09
202946.24 543931.06 19.13
202946.24 543841.06 17.58
202946.24 543751.06 18.17
202946.24 543661.06 19.33
202946.24 543571.06 23.83
202946.24 543481.06 24.38
202946.24 543391.06 25.49
203036.24 544561.06 36.27
203036.24 544471.06 34.05
203036.24 544381.06 31.38
203036.24 544291.06 29.86
203036.24 544201.06 28.13
203036.24 544111.06 24.83
203036.24 544021.06 22.18
203036.24 543931.06 19.42
203036.24 543841.06 18.5
203036.24 543751.06 19.11
203036.24 543661.06 20.78
203036.24 543571.06 23.6
203036.24 543481.06 27.64
203036.24 543391.06 38.72
203126.24 544381.06 38.4
203126.24 544291.06 38.08
203126.24 544201.06 31.85
203126.24 544111.06 25.53
203126.24 544021.06 22.04
203126.24 543931.06 20.05
203126.24 543841.06 19.57
203126.24 543751.06 20.85
203126.24 543661.06 23.9
203126.24 543571.06 24.92
203126.24 543481.06 29.24
203126.24 543391.06 44.76
203216.24 544201.06 30.71
203216.24 544111.06 25.19
203216.24 544021.06 22.58
203216.24 543931.06 21.2
203216.24 543841.06 20.86
203216.24 543751.06 23.04
203216.24 543661.06 28.36
203216.24 543571.06 29.13
203216.24 543481.06 31.32
203216.24 543391.06 39.38
203306.24 544021.06 24.16
203306.24 543931.06 22.05
203306.24 543841.06 21.73
203306.24 543751.06 23.16
203306.24 543661.06 26.84
203306.24 543571.06 28.56
203306.24 543481.06 32.63
203306.24 543391.06 36.7
201385.31 545299.91 19.29
201475.31 545299.91 19.42
201475.31 545209.91 18.8
201475.31 545119.91 17.79
201565.31 545299.91 22.63
201565.31 545209.91 21.99
201565.31 545119.91 19.67
201565.31 545029.91 17.21
201655.31 545299.91 27.79
201655.31 545209.91 25.09
201655.31 545119.91 20.23
201655.31 545029.91 15.8
201655.31 544939.91 12.84
201655.31 544849.91 12.46
201745.31 545299.91 21.91
201745.31 545209.91 17.31
201745.31 545119.91 14.23
201745.31 545029.91 12.49
201745.31 544939.91 12.1
201745.31 544849.91 12.53
201745.31 544759.91 13.27
201745.31 544669.91 13.78
201835.31 545299.91 16.39
201835.31 545209.91 13.96
201835.31 545119.91 13.07
201835.31 545029.91 12.26
201835.31 544939.91 12.32
201835.31 544849.91 12.56
201835.31 544759.91 12.66
201835.31 544669.91 12.94
201835.31 544579.91 13.12
201835.31 544489.91 13.11
201925.31 545299.91 14.57
201925.31 545209.91 13.98
201925.31 545119.91 13.8
201925.31 545029.91 14.11
201925.31 544939.91 14.45
201925.31 544849.91 13.87
201925.31 544759.91 12.96
201925.31 544669.91 12.71
201925.31 544579.91 12.78
201925.31 544489.91 12.66
201925.31 544399.91 13.37
202015.31 545299.91 14.99
202015.31 545209.91 15.3
202015.31 545119.91 15.88
202015.31 545029.91 17.12
202015.31 544939.91 17.68
202015.31 544849.91 16.08
202015.31 544759.91 14.22
202015.31 544669.91 13.39
202015.31 544579.91 12.97
202015.31 544489.91 12.76
202015.31 544399.91 13.25
202015.31 544309.91 14.26
202015.31 544219.91 13.07
202105.31 545299.91 14.88
202105.31 545209.91 16.32
202105.31 545119.91 17.83
202105.31 545029.91 19.45
202105.31 544939.91 19.92
202105.31 544849.91 17.83
202105.31 544759.91 15.36
202105.31 544669.91 14.45
202105.31 544579.91 14.03
202105.31 544489.91 13.71
202105.31 544399.91 13.83
202105.31 544309.91 14.07
202105.31 544219.91 12.86
202105.31 544129.91 12.91
202105.31 544039.91 14.17
202195.31 545299.91 15.57
202195.31 545209.91 17.79
202195.31 545119.91 20.19
202195.31 545029.91 21.65
202195.31 544939.91 20.61
202195.31 544849.91 18.28
202195.31 544759.91 16.31
202195.31 544669.91 15.5
202195.31 544579.91 15.04
202195.31 544489.91 14.72
202195.31 544399.91 14.89
202195.31 544309.91 14.25
202195.31 544219.91 12.83
202195.31 544129.91 12.74
202195.31 544039.91 13.82
202195.31 543949.91 14.66
202195.31 543859.91 15.24
202285.31 545299.91 17.44
202285.31 545209.91 21.71
202285.31 545119.91 26.91
202285.31 545029.91 29.88
202285.31 544939.91 25.28
202285.31 544849.91 21.09
202285.31 544759.91 21.49
202285.31 544669.91 21.18
202285.31 544579.91 18.94
202285.31 544489.91 17.14
202285.31 544399.91 16.27
202285.31 544309.91 15.27
202285.31 544219.91 14.29
202285.31 544129.91 14.25
202285.31 544039.91 14.85
202285.31 543949.91 15.19
202285.31 543859.91 15.62
202285.31 543769.91 16.23
202375.31 545299.91 19.71
202375.31 545209.91 27.67
202375.31 545119.91 36.53
202375.31 545029.91 42.76
202375.31 544939.91 35.65
202375.31 544849.91 30.58
202375.31 544759.91 34.77
202375.31 544669.91 33.74
202375.31 544579.91 27.1
202375.31 544489.91 22.0
202375.31 544399.91 19.26
202375.31 544309.91 18.09
202375.31 544219.91 16.82
202375.31 544129.91 16.04
202375.31 544039.91 16.14
202375.31 543949.91 15.99
202375.31 543859.91 16.03
202375.31 543769.91 16.45
202375.31 543679.91 16.41
202375.31 543589.91 16.35
202465.31 545299.91 20.71
202465.31 545209.91 31.03
202465.31 545119.91 41.38
202465.31 545029.91 48.25
202465.31 544939.91 42.93
202465.31 544849.91 41.23
202465.31 544759.91 44.45
202465.31 544669.91 40.01
202465.31 544579.91 32.08
202465.31 544489.91 27.48
202465.31 544399.91 23.9
202465.31 544309.91 20.76
202465.31 544219.91 19.17
202465.31 544129.91 18.22
202465.31 544039.91 17.21
202465.31 543949.91 16.34
202465.31 543859.91 16.18
202465.31 543769.91 16.51
202465.31 543679.91 16.85
202465.31 543589.91 17.17
202465.31 543499.91 17.41
202465.31 543409.91 17.7
202555.31 545299.91 23.21
202555.31 545209.91 33.0
202555.31 545119.91 44.4
202555.31 545029.91 51.62
202555.31 544939.91 50.71
202555.31 544849.91 52.91
202555.31 544759.91 54.07
202555.31 544669.91 46.49
202555.31 544579.91 39.32
202555.31 544489.91 33.8
202555.31 544399.91 27.87
202555.31 544309.91 23.96
202555.31 544219.91 23.65
202555.31 544129.91 22.37
202555.31 544039.91 19.7
202555.31 543949.91 17.82
202555.31 543859.91 16.99
202555.31 543769.91 16.74
202555.31 543679.91 17.13
202555.31 543589.91 17.75
202555.31 543499.91 17.78
202555.31 543409.91 17.74
202645.31 545299.91 30.84
202645.31 545209.91 41.38
202645.31 545119.91 51.87
202645.31 545029.91 58.4
202645.31 544939.91 59.69
202645.31 544849.91 60.56
202645.31 544759.91 62.56
202645.31 544669.91 55.15
202645.31 544579.91 47.92
202645.31 544489.91 39.56
202645.31 544399.91 30.82
202645.31 544309.91 26.65
202645.31 544219.91 26.29
202645.31 544129.91 25.35
202645.31 544039.91 21.96
202645.31 543949.91 18.79
202645.31 543859.91 17.35
202645.31 543769.91 17.1
202645.31 543679.91 17.49
202645.31 543589.91 18.15
202645.31 543499.91 18.49
202645.31 543409.91 18.57
202735.31 545299.91 40.78
202735.31 545209.91 48.85
202735.31 545119.91 56.01
202735.31 545029.91 62.33
202735.31 544939.91 61.69
202735.31 544849.91 56.69
202735.31 544759.91 54.93
202735.31 544669.91 50.71
202735.31 544579.91 46.31
202735.31 544489.91 39.58
202735.31 544399.91 31.61
202735.31 544309.91 27.58
202735.31 544219.91 25.24
202735.31 544129.91 23.76
202735.31 544039.91 21.04
202735.31 543949.91 18.49
202735.31 543859.91 17.62
202735.31 543769.91 17.42
202735.31 543679.91 17.64
202735.31 543589.91 18.3
202735.31 543499.91 19.26
202735.31 543409.91 19.61
202825.31 545299.91 44.39
202825.31 545209.91 50.35
202825.31 545119.91 54.49
202825.31 545029.91 58.49
202825.31 544939.91 57.16
202825.31 544849.91 50.45
202825.31 544759.91 43.83
202825.31 544669.91 41.01
202825.31 544579.91 39.32
202825.31 544489.91 34.83
202825.31 544399.91 30.01
202825.31 544309.91 26.73
202825.31 544219.91 22.73
202825.31 544129.91 20.59
202825.31 544039.91 19.42
202825.31 543949.91 18.2
202825.31 543859.91 17.66
202825.31 543769.91 17.66
202825.31 543679.91 18.04
202825.31 543589.91 19.31
202825.31 543499.91 20.76
202825.31 543409.91 21.04
202915.31 545299.91 42.79
202915.31 545209.91 47.32
202915.31 545119.91 50.32
202915.31 545029.91 51.95
202915.31 544939.91 52.44
202915.31 544849.91 46.2
202915.31 544759.91 37.96
202915.31 544669.91 34.48
202915.31 544579.91 33.53
202915.31 544489.91 31.13
202915.31 544399.91 28.19
202915.31 544309.91 25.57
202915.31 544219.91 22.31
202915.31 544129.91 20.78
202915.31 544039.91 20.09
202915.31 543949.91 18.77
202915.31 543859.91 17.62
202915.31 543769.91 17.82
202915.31 543679.91 18.85
202915.31 543589.91 21.51
202915.31 543499.91 23.38
202915.31 543409.91 23.95
203005.31 545299.91 39.58
203005.31 545209.91 42.41
203005.31 545119.91 45.49
203005.31 545029.91 48.65
203005.31 544939.91 51.9
203005.31 544849.91 47.3
203005.31 544759.91 39.68
203005.31 544669.91 35.58
203005.31 544579.91 33.95
203005.31 544489.91 32.37
203005.31 544399.91 29.92
203005.31 544309.91 27.64
203005.31 544219.91 25.68
203005.31 544129.91 24.3
203005.31 544039.91 22.66
203005.31 543949.91 20.19
203005.31 543859.91 18.36
203005.31 543769.91 18.49
203005.31 543679.91 19.83
203005.31 543589.91 23.46
203005.31 543499.91 26.15
203005.31 543409.91 31.04
203095.31 545299.91 40.49
203095.31 545209.91 42.71
203095.31 545119.91 45.75
203095.31 545029.91 49.69
203095.31 544939.91 55.21
203095.31 544849.91 54.04
203095.31 544759.91 47.97
203095.31 544669.91 43.13
203095.31 544579.91 40.49
203095.31 544489.91 38.67
203095.31 544399.91 36.33
203095.31 544309.91 35.2
203095.31 544219.91 32.34
203095.31 544129.91 26.83
203095.31 544039.91 22.68
203095.31 543949.91 20.12
203095.31 543859.91 19.21
203095.31 543769.91 19.92
203095.31 543679.91 22.02
203095.31 543589.91 23.6
203095.31 543499.91 27.72
203095.31 543409.91 41.02
203185.31 545299.91 43.21
203185.31 545209.91 45.29
203185.31 545119.91 49.35
203185.31 545029.91 54.41
203185.31 544939.91 59.49
203185.31 544849.91 58.39
203185.31 544759.91 52.25
203185.31 544669.91 47.24
203185.31 544579.91 45.0
203185.31 544489.91 44.22
203185.31 544399.91 42.54
203185.31 544309.91 40.94
203185.31 544219.91 33.86
203185.31 544129.91 26.42
203185.31 544039.91 22.83
203185.31 543949.91 21.07
203185.31 543859.91 20.43
203185.31 543769.91 21.76
203185.31 543679.91 25.67
203185.31 543589.91 27.56
203185.31 543499.91 29.61
203185.31 543409.91 39.29
203275.31 545299.91 45.88
203275.31 545209.91 47.25
203275.31 545119.91 50.93
203275.31 545029.91 55.16
203275.31 544939.91 58.83
203275.31 544849.91 59.69
203275.31 544759.91 56.02
203275.31 544669.91 51.44
203275.31 544579.91 50.06
203275.31 544489.91 48.65
203275.31 544399.91 45.34
203275.31 544309.91 41.13
203275.31 544219.91 32.77
203275.31 544129.91 26.62
203275.31 544039.91 23.99
203275.31 543949.91 22.12
203275.31 543859.91 21.53
203275.31 543769.91 22.99
203275.31 543679.91 27.31
203275.31 543589.91 29.63
203275.31 543499.91 31.74
203275.31 543409.91 35.74
203365.31 545299.91 47.09
203365.31 545209.91 47.44
203365.31 545119.91 47.94
203365.31 545029.91 50.17
203365.31 544939.91 55.19
203365.31 544849.91 58.09
203365.31 544759.91 54.9
203365.31 544669.91 52.3
203365.31 544579.91 53.91
203365.31 544489.91 52.83
203365.31 544399.91 47.67
203365.31 544309.91 42.32
203365.31 544219.91 34.73
203365.31 544129.91 29.03
203365.31 544039.91 25.76
203365.31 543949.91 23.05
203365.31 543859.91 22.42
203365.31 543769.91 22.97
203365.31 543679.91 24.43
203365.31 543589.91 26.49
203365.31 543499.91 30.68
203365.31 543409.91 34.8
